AM_AM_model_15k_50 n: 1 BLEU: 
[0.4375, 0.4444444444444444, 0.5384615384615384, 0.5, 0.38461538461538464, 0.6, 0.5384615384615384, 0.625, 0.375, 0.6, 0.6153846153846154, 0.38461538461538464, 0.5555555555555556, 0.5, 0.5276331810218101, 0.46002220731466165, 0.4, 0.499331305271809, 0.3333333333333333, 0.5429024508215757, 0.75, 0.8, 0.5, 0.47058823529411764, 0.375]
average 0.5103139669838308

AM_model_15k_50 n: 2 BLEU: [0.1707825127659933, 0.23570226039551584, 0.299572344757639, 0.19611613513818404, 0.17902871850985821, 0.4472135954999579, 0.21182963643408084, 0.5175491695067657, 0.0, 0.4472135954999579, 0.3922322702763681, 0.25318484177091666, 0.26352313834736496, 0.2970442628930023, 0.3363014857561555, 0.33974891629179244, 0.29814239699997197, 0.3244586361606231, 0.24618298195866548, 0.3303999098220179, 0.5669467095138409, 0.5962847939999439, 0.3396831102433787, 0.2970442628930023, 0.23145502494313785]
average 0.31270562841512534

AM_model_15k_50 n: 3 BLEU: [0.0, 0.0, 0.0, 0.0, 0.0, 0.36840314986403866, 0.0, 0.354745852992596, 0.0, 0.2924017738212866, 0.2409339418591454, 0.0, 0.0, 0.1766746006576983, 0.20657770600880518, 0.21980706692931107, 0.22314431669405652, 0.0, 0.18232183586428963, 0.0, 0.3769737205645769, 0.3542195230608704, 0.2126451851414951, 0.18051655059781124, 0.0]
average 0.13557460896223925
total average: 0.31953140145373177

Discussion:
There is no significant change when applying turing smoothing

