
Discussion :

{Enter your intriguing discussion (explaining observations/results) here}



----------Evaluation START----------

### Evaluating AM model: AM_model_1k_50 ### 

BLEU scores with N-gram (n) = 1: 	0.3125	0.2669	0.3393	0.3571	0.4615	0.3000	0.3077	0.5000	0.3309	0.3000	0.5385	0.3846	0.4444	0.3889	0.3298	0.3067	0.3704	0.3158	0.4167	0.5000	0.6250	0.6000	0.4334	0.4118	0.3750
BLEU scores with N-gram (n) = 2: 	0.1443	0.1634	0.2039	0.1657	0.1961	0.0000	0.1601	0.3780	0.0000	0.0000	0.2996	0.2532	0.2357	0.2139	0.2171	0.2265	0.1746	0.1873	0.1946	0.3333	0.4226	0.4472	0.2945	0.2269	0.2315
BLEU scores with N-gram (n) = 3: 	0.0000	0.0000	0.0000	0.0000	0.0000	0.0000	0.0000	0.0000	0.0000	0.0000	0.0000	0.0000	0.0000	0.0000	0.1543	0.0000	0.0000	0.0000	0.0000	0.0000	0.0000	0.0000	0.1843	0.0000	0.0000
total average: 0.20834162347480897

### Evaluating AM model: AM_model_10k_50 ### 

BLEU scores with N-gram (n) = 1: 	0.3125	0.2669	0.3393	0.5000	0.3077	0.3000	0.3846	0.6250	0.3309	0.4000	0.6154	0.4615	0.5556	0.4444	0.3298	0.3067	0.2963	0.4211	0.2500	0.5000	0.7500	0.8000	0.3715	0.5294	0.3750
BLEU scores with N-gram (n) = 2: 	0.1443	0.1634	0.2039	0.1961	0.1601	0.0000	0.1790	0.5175	0.0000	0.0000	0.3203	0.2774	0.2635	0.2287	0.2171	0.2265	0.1562	0.2649	0.1508	0.3333	0.5669	0.5963	0.2726	0.3151	0.2315
BLEU scores with N-gram (n) = 3: 	0.0000	0.0000	0.0000	0.0000	0.0000	0.0000	0.0000	0.3547	0.0000	0.0000	0.0000	0.0000	0.0000	0.0000	0.1543	0.0000	0.0000	0.0000	0.0000	0.0000	0.3770	0.3542	0.1751	0.1877	0.0000
total average: 0.24482853900940205

### Evaluating AM model: AM_model_15k_50 ### 

BLEU scores with N-gram (n) = 1: 	0.3750	0.2669	0.3393	0.5000	0.3846	0.3000	0.3846	0.6250	0.3309	0.5000	0.6154	0.3846	0.5556	0.4444	0.3298	0.3834	0.2963	0.4211	0.3333	0.5000	0.7500	0.8000	0.3715	0.4706	0.3750
BLEU scores with N-gram (n) = 2: 	0.1581	0.1634	0.2039	0.1961	0.1790	0.0000	0.1790	0.5175	0.0000	0.2357	0.3203	0.2532	0.2635	0.2287	0.2171	0.2532	0.1562	0.2649	0.1741	0.3333	0.5669	0.5963	0.2726	0.2970	0.2315
BLEU scores with N-gram (n) = 3: 	0.0000	0.0000	0.0000	0.0000	0.0000	0.0000	0.0000	0.3547	0.0000	0.0000	0.0000	0.0000	0.0000	0.0000	0.1543	0.0000	0.0000	0.0000	0.0000	0.0000	0.3770	0.3542	0.1751	0.1805	0.0000
total average: 0.2519312546008426

### Evaluating AM model: AM_model_30k_50 ### 

BLEU scores with N-gram (n) = 1: 	0.3750	0.2669	0.3393	0.4286	0.4615	0.3000	0.3846	0.6250	0.3309	0.3000	0.6154	0.4615	0.5556	0.4444	0.3298	0.3834	0.2963	0.4737	0.3333	0.5000	0.7500	0.8000	0.3715	0.4706	0.3750
BLEU scores with N-gram (n) = 2: 	0.1581	0.1634	0.2039	0.1816	0.1961	0.0000	0.1790	0.5175	0.0000	0.0000	0.3203	0.2774	0.2635	0.2287	0.2171	0.2532	0.1562	0.2810	0.1741	0.3333	0.5669	0.5963	0.2726	0.2970	0.2315
BLEU scores with N-gram (n) = 3: 	0.0000	0.0000	0.0000	0.0000	0.0000	0.0000	0.0000	0.3547	0.0000	0.0000	0.0000	0.0000	0.0000	0.0000	0.1543	0.0000	0.0000	0.0000	0.0000	0.0000	0.3770	0.3542	0.1751	0.1805	0.0000
total average: 0.24849286754302147
----------Evaluation END----------
